(1643,-1230), Transit 91518
(1408,-1230), Transit 92274
(1465,-1230), Transit 92426
(1760,-1230), Transit 94300
(2355,-42), Transit 98332
(2508,-42), Transit 98686
(1836,-934), Transit 107086
(1677,-1230), Transit 107086
(990,-1717), Transit 107086
(883,-2561), Transit 107676
(282,-2572), Transit 107944
(1836,-767), Transit 108034
(3864,1312), Transit 108348
(3430,820), Transit 108430
(2767,251), Transit 108524
(2767,312), Transit 109084
(1723,-1230), Transit 109186
(2355,-554), Transit 111194
(1836,-899), Transit 111194
(1678,-1230), Transit 111194
(2508,-554), Transit 112266
(2445,-554), Transit 112768
(5221,-715), Transit 118112
(4305,-546), Transit 118566
(4297,-538), Transit 118566
(1573,-631), Transit 129324
(1192,-569), Transit 129324
(1573,-716), Transit 133508
(-246,-2247), Transit 136912
(-420,-1054), Transit 140900
(-141,-1054), Transit 140976
(883,-1784), Transit 142404
(894,-1717), Transit 142560
(-846,-2159), Transit 144596
(-846,-2247), Transit 144928
(1046,-1312), Transit 147292
(1046,-1508), Transit 147390
